 -5.3571
 -7.3418
 -7.2099
 -3.0396
 -5.5451
 -6.5217
 -6.6747
 -3.9344
 -6.1120
 -5.7977
 -4.7758
 -5.2234
 -6.4426
 -6.7415
 -7.7974
 -8.2875
 -5.4464
 -6.0732
 -5.3553
 -5.8780
 -6.7445
 -3.2398
 -7.2121
 -3.3295
 -4.1012
 -3.8779
 -6.5074
 -8.7054
 -4.7049
 -4.4743
 -5.0813
 -6.3407
 -2.8956
 -3.8769
 -5.2676
 -7.6889
 -5.8512
 -4.9453
 -5.2593
 -8.5615
 -5.3472
 -7.6746
 -3.7200
 -4.2661
 -4.4440
 -6.1902
 -5.1652
 -5.4474
 -7.9610
 -4.2375
 -8.2733
 -5.9995
 -5.3222
 -7.7086
 -6.8420
 -3.4415
 -3.8899
 -6.1956
 -3.9404
 -6.8018
 -4.6282
 -3.4512
 -5.9749
 -5.3002
 -9.0185
 -5.4294
 -5.3723
 -5.5518
 -4.0669
 -4.0646
 -4.9898
 -9.4071
 -3.5555
 -7.0160
 -5.9710
 -4.1046
 -6.8949
 -5.4224
 -3.8272
 -4.4514
 -4.0353
 -3.7085
 -3.6370
 -4.3940
 -5.8152
 -7.0353
 -4.3801
 -5.0938
 -6.6588
 -4.6033
 -5.1286
 -6.7966
 -5.3596
 -7.6896
 -5.9797
 -5.6836
 -7.0803
 -6.6430
 -6.3842
 -4.4504
 -7.4253
 -3.9618
 -5.9157
 -6.8846
 -3.6237
 -4.9618
 -3.8761
 -5.7603
 -4.8647
 -6.0478
 -4.9018
 -5.0052
 -8.3584
 -6.0445
 -4.5056
 -5.5021
 -6.5854
 -4.4251
 -5.2308
 -6.2883
 -8.0844
 -6.6434
 -6.3085
 -5.9209
 -8.1220
 -6.6332
 -6.3436
 -4.8262
 -3.7632
 -3.3875
 -3.1390
 -3.0761
 -4.9113
 -3.6402
 -7.8062
 -5.5557
 -6.5108
 -4.2835
 -5.1469
 -5.7195
 -3.4640
 -4.4284
 -5.1313
 -4.3111
 -4.4946
 -5.6708
 -5.1227
 -5.3538
 -5.9778
 -4.3839
 -5.6673
 -7.4505
 -5.6951
 -1.6690
 -6.9064
 -6.6501
 -7.4022
 -4.2710
 -6.9013
 -4.5211
 -3.7468
 -6.4987
 -5.8963
 -2.6196
 -5.9148
 -5.7224
 -7.5070
 -6.1162
 -5.5982
 -5.9509
 -4.4303
 -4.4548
 -6.1221
 -5.5058
 -6.9077
 -7.8282
 -7.3685
 -5.7995
 -5.2123
 -3.3808
 -7.5101
 -4.5695
 -4.0496
 -6.3793
 -5.4301
 -5.7993
 -4.5356
 -4.4771
 -5.3245
 -5.5843
 -7.6348
 -5.1772
 -7.3984
 -5.2171
 -5.0419
 -8.0033
 -3.9808
 -4.9145
 -5.8603
 -6.0339
 -8.8093
 -4.0952
 -5.5203
 -2.4526
 -5.9073
 -4.8401
 -5.2668
 -4.8973
 -7.2639
 -5.8883
 -6.8914
 -5.1768
 -4.5585
 -7.0885
 -4.0203
 -5.3933
 -6.6135
 -5.8895
 -7.9403
 -5.7514
 -3.9812
 -4.6591
 -7.5326
 -1.8284
 -5.7919
 -5.5611
 -0.7444
 -3.6558
 -4.8129
 -5.6560
 -6.8493
 -4.8549
 -5.9152
 -6.1075
 -4.6135
 -6.1585
 -5.5812
 -6.1566
 -5.6081
 -4.6868
 -7.6739
 -4.1918
 -7.1605
 -5.9038
 -5.7518
 -6.8818
 -6.1422
 -3.8881
 -5.5321
 -6.7911
 -3.9238
 -5.1302
 -5.6534
 -7.8090
 -3.7373
 -4.0963
 -3.7405
 -2.6270
 -4.9424
 -5.0002
 -4.8091
 -6.7153
 -5.9282
  0.1699
 -6.9960
 -6.3073
 -3.8502
 -6.4058
 -3.5867
 -5.2130
 -6.0928
 -5.7920
 -5.9673
 -3.9863
 -8.6139
 -4.2634
 -6.6699
 -5.6806
 -4.1143
 -6.6910
 -6.9762
 -3.8908
 -4.2134
 -8.4522
 -7.0985
 -6.0346
 -5.0091
 -6.7272
 -5.2946
 -6.5998
 -4.2503
 -7.8238
 -4.5495
 -6.4583
 -5.1737
 -3.5314
 -3.3668
 -4.1625
 -5.2951
 -4.8316
 -6.9934
 -5.7352
 -5.1685
 -3.3153
 -4.7531
 -4.2028
 -7.2769
 -3.5323
 -7.7649
 -4.4782
 -5.5452
 -5.8757
 -4.7984
 -5.9684
 -4.9899
 -3.2358
 -6.2965
 -7.0745
 -7.3062
 -5.9233
 -3.8531
 -7.1172
 -6.9111
 -6.9918
 -5.4018
 -3.9001
 -6.6353
 -5.7460
 -6.1809
 -3.7231
 -5.5112
 -4.2708
 -6.6995
 -6.6830
 -5.9010
 -4.2891
 -4.9470
 -5.4675
 -4.7895
 -3.5204
 -8.7280
 -8.6483
 -7.4707
 -5.0506
 -7.6219
 -5.8840
 -5.7947
 -5.5051
 -6.6341
 -6.2349
 -5.6127
 -4.2041
 -5.6974
 -4.3919
 -7.8633
 -6.3994
 -4.2311
 -6.1246
 -5.4072
 -2.7667
 -3.2839
 -5.6331
 -5.9343
 -6.0506
 -5.7137
 -4.3867
 -3.9620
 -5.3603
 -6.8673
 -5.0998
 -4.9766
 -8.6010
 -7.5782
 -4.5775
 -5.7698
 -6.9485
 -6.0766
 -6.9879
 -6.6281
 -3.3207
 -7.1391
 -6.8953
 -7.7290
 -5.3213
 -7.5989
 -5.9806
 -3.7136
 -3.1279
 -2.4356
 -6.0530
 -6.6217
 -7.4662
 -5.1212
 -7.0186
 -3.5484
 -7.2353
 -5.1820
 -7.5601
 -5.0723
 -3.8209
 -4.5994
 -4.8877
 -5.1937
 -6.3636
 -7.5833
 -1.9664
 -3.2472
 -5.1515
 -7.4833
 -2.7300
 -6.0821
 -5.6295
 -5.2288
 -4.1551
 -6.9716
 -6.4065
 -5.8223
 -7.8484
 -4.4694
 -8.0221
 -8.3458
 -7.0251
 -6.1777
 -6.7223
 -4.5189
 -7.0045
 -4.5458
 -6.1241
 -7.0345
 -5.3590
 -5.7380
 -3.6269
 -5.1169
 -7.1629
 -6.6085
 -6.5140
 -7.4357
 -6.3312
 -3.6802
 -7.3044
 -2.9896
 -8.7410
 -4.7193
 -7.7086
 -5.7021
 -6.8215
 -3.8967
 -5.3660
 -6.3417
 -7.6379
 -7.0896
 -4.6592
 -7.8087
 -7.1238
 -5.6809
 -6.6888
 -5.7601
 -4.0550
 -4.9831
 -6.3544
 -5.0968
 -6.6411
 -8.0907
 -4.7588
 -5.8539
 -3.0488
 -6.0441
 -4.5362
 -6.5102
 -5.4577
 -7.9252
 -9.2115
 -7.6387
 -5.9668
 -5.8619
 -4.3676
 -4.1192
 -3.9451
 -7.3301
 -4.8898
 -3.4533
 -5.7580
 -4.6464
 -3.3717
 -2.4160
 -1.9724
 -4.2677
 -5.6692
 -4.9798
 -3.9817
 -5.3256
 -2.3739
 -4.9364
 -3.9139
 -7.6806
 -4.7656
 -7.3522
 -6.1159
 -6.2812
 -4.7978
 -8.1814
 -6.7144
 -6.5910
 -7.4934
 -5.6506
 -3.8524
 -4.1114
 -5.2631
 -4.0903
 -6.0699
 -4.6161
 -3.6857
 -5.3329
 -5.5845
 -6.5110
 -6.4510
 -4.6194
 -4.3982
 -4.3727
 -2.7511
 -1.6946
 -3.8609
 -1.8342
 -3.3218
 -6.4729
 -7.5169
 -5.2808
 -7.6772
 -4.3666
 -5.0246
 -6.5146
 -6.0421
 -6.5265
 -5.7578
 -5.5868
 -5.5299
 -7.9579
 -6.2659
 -3.2924
 -5.8567
 -6.1942
 -5.0591
 -5.2819
 -4.7604
 -5.7936
 -5.6167
 -5.5714
 -7.4059
 -7.2909
 -3.7856
 -8.0874
 -6.3010
 -5.7319
 -7.3135
 -5.3071
 -6.2089
 -5.9938
 -2.6664
 -7.4934
 -4.0412
 -6.9062
 -6.6318
 -5.1553
 -7.3143
 -4.9435
 -3.9965
 -8.2486
 -4.5430
 -3.3391
 -7.3068
 -5.7457
 -7.1925
 -5.5889
 -8.1086
 -7.4926
 -8.4010
 -3.8816
 -4.3977
 -5.2256
 -3.2048
 -6.3770
 -8.4593
 -4.7690
 -6.7450
 -3.5483
 -5.6576
 -5.5509
 -3.6356
 -4.8864
 -6.4737
 -6.7462
 -5.2289
 -5.1769
 -6.3596
 -8.3825
 -6.7390
 -3.8562
 -6.5535
 -5.5954
 -4.0305
 -5.6447
 -5.2010
 -8.5245
 -3.3528
 -7.7549
 -6.5086
 -6.3577
 -3.5068
 -7.1464
 -6.2406
 -6.0954
 -6.3633
 -5.8814
 -4.8544
 -3.9528
 -6.0604
 -3.8174
 -5.0255
 -4.4217
 -7.4154
 -5.7792
 -3.4392
 -8.0139
 -6.7806
 -8.0979
 -6.5517
 -5.3174
 -5.9704
 -6.9209
 -4.7054
 -6.3880
 -4.7523
 -6.7016
 -3.3980
 -5.9990
 -6.3594
 -5.3348
 -5.9333
 -4.1407
 -8.4539
 -8.0962
 -7.2851
 -8.0709
 -7.6490
 -5.4793
 -3.7010
 -5.7925
 -5.2273
 -7.4958
 -4.2840
 -4.8606
 -6.4422
 -7.9656
 -3.2002
 -6.2145
 -2.3276
 -4.8805
 -5.4898
 -6.8525
 -4.6710
 -4.0240
 -6.8340
 -6.9723
 -3.1210
 -4.5235
 -6.1471
 -4.7591
 -5.5116
 -6.1619
 -7.3114
 -5.7812
 -3.9475
 -6.8434
 -6.2378
 -2.8546
 -4.7012
 -5.5513
 -6.0442
 -5.1100
 -5.4774
 -5.8442
 -6.6699
 -4.7314
 -5.8900
 -1.9862
 -4.3411
 -5.6680
 -3.6265
 -7.1240
 -6.5577
 -7.0133
 -7.3264
 -4.2116
 -6.2524
 -4.7513
 -5.0723
 -4.2636
 -4.7477
 -5.8616
 -3.7179
 -6.2786
 -3.7531
 -6.9978
 -2.6567
 -6.8769
 -5.5038
 -2.3665
 -3.5693
 -4.9482
 -6.4574
 -7.7016
 -6.3395
 -5.6128
 -6.1723
 -5.4796
 -4.4484
 -3.1643
 -6.6437
 -6.5557
 -6.4126
 -2.8298
 -3.7419
 -5.8340
 -6.8592
 -4.6863
 -2.0302
 -5.6794
 -5.1572
 -5.7539
 -4.3142
 -4.9677
 -5.6197
 -4.4241
 -3.3387
 -1.5062
 -4.3762
 -3.6860
 -7.0180
 -6.5750
 -3.3322
 -7.2932
 -5.1880
 -5.8900
 -5.2596
 -6.4455
 -3.1778
 -7.1237
 -3.2691
 -2.2874
 -6.7907
 -3.4219
 -3.7130
 -7.1957
 -3.5843
 -3.1865
 -3.0695
 -4.6425
 -5.0932
 -6.5133
 -5.0196
 -8.4878
 -4.8122
 -2.8189
 -6.9978
 -4.6094
 -8.6450
 -5.6687
 -6.3889
 -6.5433
 -4.5357
 -7.5574
 -6.9474
 -3.7761
 -6.6479
 -3.6319
 -5.8780
 -4.6513
 -4.9165
 -3.9065
 -2.1040
 -8.8137
 -5.8009
 -5.4847
 -4.6400
 -4.4531
 -6.7214
 -3.2639
 -6.5518
 -3.7743
 -0.8213
 -7.2443
 -3.9170
 -7.0157
 -4.9188
 -7.3413
 -6.2308
 -3.7024
 -4.9554
 -6.3806
 -6.3275
 -5.6630
 -3.3091
 -5.0913
 -6.9979
 -3.4730
 -7.9260
 -3.6387
 -7.0979
 -3.5148
 -4.5967
 -7.7924
 -5.5428
 -5.9373
 -2.5235
 -6.2279
 -7.1386
 -3.0910
 -6.3517
 -7.6953
 -4.1316
 -6.2553
 -6.4252
 -4.1402
 -6.8627
 -7.1000
 -4.0791
 -4.7156
 -2.9995
 -4.9392
 -6.2769
 -4.6910
 -5.4522
 -7.0809
 -5.5573
 -4.7015
 -6.3628
 -4.5187
 -5.7464
 -5.4663
 -6.2488
 -5.6883
 -7.2375
 -5.1142
 -5.4320
 -8.1417
 -8.0430
 -6.2108
 -4.9956
 -2.9539
 -4.7416
 -5.3614
 -3.9205
 -5.7603
 -6.2056
 -5.3621
 -5.8590
 -5.5570
 -4.5309
 -3.9406
 -5.0756
 -5.7176
 -4.7779
 -8.0304
 -4.8404
 -8.8409
 -4.7982
 -3.1828
 -7.3502
 -3.2162
 -6.5463
 -4.3044
 -5.3647
 -7.5808
 -7.9915
 -4.9256
 -3.2600
 -6.7958
 -4.1489
 -7.1147
 -6.1369
 -7.7385
 -5.5911
 -5.8920
 -4.1228
 -6.4163
 -6.9565
 -5.1618
 -2.5377
 -5.7501
 -7.9172
 -4.1924
 -8.4333
 -8.0884
 -5.8986
 -4.0317
 -4.2343
 -4.1149
 -6.8502
 -7.0291
 -6.1536
 -2.7769
 -6.5351
 -1.6313
 -3.9572
 -2.7454
 -5.9753
 -5.0800
 -6.6521
 -6.6912
 -2.3094
 -4.0879
 -4.8157
 -4.6039
 -5.6854
 -7.4594
 -4.6918
 -3.9518
 -7.2667
 -6.2368
 -6.7778
 -6.4091
 -5.6644
 -5.5603
 -5.3975
 -3.8858
 -3.8952
 -5.1614
 -5.3774
 -4.6654
 -4.7749
 -8.4506
 -7.3417
 -3.3743
 -3.0950
 -8.2649
 -6.1038
 -6.0687
 -5.4769
 -6.1936
 -4.3114
 -7.7500
 -8.4547
 -6.3987
 -6.4245
 -7.5350
 -6.9603
 -2.4119
 -6.1399
 -6.6107
 -5.7344
 -7.0358
 -3.6939
 -5.4545
 -5.9012
 -8.6538
 -5.5327
 -3.9339
 -4.3012
 -7.5838
 -6.2595
 -6.2662
 -7.3688
 -4.5637
 -6.2111
 -4.7451
 -5.7816
 -6.8062
 -5.1089
 -3.1965
 -5.5120
 -3.4058
 -8.0384
 -8.3153
 -2.8682
 -5.7203
 -7.3742
 -7.0707
 -2.2948
 -5.6331
 -5.3646
 -4.7705
 -7.2792
 -4.7292
 -6.5489
 -7.6760
 -6.8387
 -3.3515
 -5.3587
 -6.1988
 -5.8381
 -2.4368
 -3.5227
 -3.8963
 -3.8258
 -6.4459
 -7.4113
 -4.6814
 -6.1570
 -5.5952
 -4.9048
 -7.1854
 -5.4204
 -6.0344
 -4.3718
 -4.8815
 -5.4266
 -5.9521
 -5.2200
 -4.6042
 -6.8089
 -4.1359
 -6.5424
 -2.9709
 -6.4485
 -4.8426
 -5.7679
 -6.9237
 -5.1866
 -4.5156
 -6.5423
 -4.0723
 -4.4204
 -5.5920
 -5.8597
 -5.9000
 -6.9734
 -7.0730
 -6.0198
 -4.1314
 -6.8127
 -4.3592
 -4.5011
 -3.5946
 -3.8757
 -7.1459
 -5.4361
 -7.4741
 -4.6789
 -4.3118
 -4.1586
 -4.3193
 -6.2329
 -7.2647
 -5.9752
 -8.3720
 -6.6651
 -3.7178
 -6.9307
 -5.0714
 -5.8297
 -5.3380
 -3.4400
 -5.9273
 -4.5900
 -6.4579
 -6.6425
 -5.2564
 -6.0272
 -4.8748
 -4.3453
 -4.5885
 -6.8968
 -6.5781
 -3.9650
 -5.3533
 -4.8669
 -6.9129
 -4.3399
 -6.5395
 -4.4808
 -5.9026
 -8.0746
 -4.6110
 -2.7812
 -5.7134
 -7.9631
 -7.7695
 -5.0435
 -7.2847
 -7.1576
 -4.7280
 -7.5877
 -8.0894
 -6.7113
 -7.0550
 -5.0072
 -4.8564
 -7.1271
 -6.3800
 -7.4517
 -7.2532
 -3.8797
 -5.3010
 -6.3772
 -2.8465
 -3.6556
 -2.9644
 -5.5090
 -3.0850
 -5.8994
 -7.3226
 -7.1416
 -6.8848
 -6.4540
 -6.0844
 -1.4567
 -7.0302
 -5.9672
 -5.2186
 -7.6504
 -4.8014
 -9.1413
 -5.8847
 -7.1275
 -5.5444
 -3.9879
 -7.2684
 -6.8347
 -6.2620
 -7.7795
 -6.0698
 -6.0864
 -7.6534
 -8.8832
 -5.1112
 -3.7405
 -6.0011
 -4.0535
 -7.2123
 -3.8193
 -5.1573
 -3.7400
 -7.5402
 -6.3976
 -4.7054
 -4.3862
 -5.9384
 -4.5734
 -6.7596
 -5.9002
 -6.0775
 -5.3041
 -3.7262
 -5.5007
 -5.2019
 -5.3307
 -3.0985
 -6.0841
 -5.4799
 -5.3391
 -6.6750
 -5.8976
 -6.4468
 -3.6362
 -5.5894
 -6.7161
 -8.6278
 -4.1304
 -4.7529
 -6.0192
 -3.5116
 -5.8316
 -4.0889
 -7.0595
 -5.1283
 -5.0626
 -3.0373
 -4.6420
 -4.5682
 -4.9609
 -3.6928
 -3.5465
 -6.1249
 -7.3978
 -3.6935
 -5.5126
 -5.3417
 -4.9115
 -5.4839
 -6.0726
 -6.0707
 -4.5114
 -3.3333
 -3.1222
 -5.1270
 -5.9995
 -5.9088
 -7.1034
 -5.9267
 -5.7834
 -5.9143
 -6.4430
 -6.8717
 -5.6810
 -7.6124
 -6.2292
 -4.1728
 -6.3103
 -6.6523
 -6.0306
 -7.9302
 -6.7611
 -5.8075
 -3.1228
 -6.6946
 -3.1722
 -7.7882
 -5.6266
 -4.2684
 -4.9182
 -5.3363
 -6.9134
 -4.9099
 -5.5002
 -7.4374
 -4.6430
 -5.5283
 -6.0287
 -6.1612
 -7.2856
 -3.7887
 -3.7451
 -3.7404
 -4.6900
 -5.3128
 -5.0050
 -5.8466
 -7.6302
 -4.4912
 -3.2592
 -4.8871
 -6.0817
 -5.0694
 -7.2427
 -4.4213
 -5.9127
 -7.3433
 -7.2541
 -6.1560
 -8.5509
 -5.0171
 -4.9403
 -5.5132
 -4.9648
 -7.2073
 -6.7014
 -3.6411
 -3.5398
 -7.4038
 -4.9176
 -4.3671
 -8.0739
 -7.5211
 -4.7857
 -1.4318
 -5.0441
 -5.1965
 -5.0375
 -2.4941
 -6.2453
 -4.7353
 -5.8821
 -6.6151
 -3.3428
 -6.2938
 -3.6489
 -5.3193
 -2.8949
 -3.0143
 -3.3642
 -4.2511
 -6.4411
 -7.0687
 -1.4595
 -6.6462
 -4.2080
 -2.0109
 -4.7668
 -4.8871
 -4.2496
 -7.6051
 -4.3660
 -4.5027
 -3.5679
 -7.7332
 -5.5101
 -5.7027
 -7.5063
 -5.3389
 -4.2345
 -5.0488
 -4.0408
 -2.4127
 -4.3640
 -3.9904
 -3.6680
 -4.9796
 -4.0975
 -6.9338
 -4.9410
 -7.1061
 -4.1187
 -3.8847
 -3.7436
 -6.3320
 -5.7399
 -2.1732
 -2.4722
 -4.4331
 -4.7031
 -5.6179
 -5.5640
 -6.5758
 -4.9448
 -6.1349
 -3.9997
 -5.4364
 -4.1017
 -4.1264
 -5.2222
 -4.6261
 -5.4751
 -7.1659
 -6.4226
 -6.9260
 -6.4815
 -4.4467
 -5.6007
 -6.0178
 -4.5690
 -1.5391
 -8.3625
 -2.9078
 -6.0214
 -6.2013
 -6.1638
 -3.9069
 -3.2636
 -6.2547
 -4.4189
 -4.6814
 -3.8792
 -4.7237
 -6.1837
 -5.1261
 -5.7146
 -6.2469
 -3.9599
 -3.6641
 -5.8098
 -7.5933
 -7.7174
 -5.8844
 -5.3683
 -3.7567
 -5.6993
 -7.0450
 -7.4909
 -2.3445
 -3.8810
 -2.6213
 -7.3116
 -1.9087
 -3.5444
 -5.1936
 -5.2656
 -2.5323
 -6.1142
 -7.9661
 -6.3065
 -7.0114
 -6.5241
 -9.4017
 -5.2113
 -6.8706
 -4.9428
 -7.2358
 -6.2240
 -5.9808
 -6.3991
 -2.6878
 -4.8370
 -6.7288
 -5.8400
 -7.2873
 -4.3948
 -3.4735
 -3.7269
 -7.4106
 -6.6778
 -5.5004
 -6.8310
 -2.4174
 -7.7380
 -5.3023
 -6.7012
 -6.2311
 -5.7440
 -6.7597
 -5.8235
 -4.4452
 -7.7468
 -5.5934
 -8.0556
 -5.8006
 -6.2266
 -8.1343
 -6.7742
 -3.5944
 -3.7206
 -6.2666
 -4.7797
 -4.4501
 -5.4417
 -4.2548
 -4.5184
 -3.0583
 -7.3821
 -5.9432
 -6.4060
 -4.0130
 -3.3413
 -7.8076
 -6.7833
 -4.6433
 -4.8361
 -7.5357
 -7.1274
 -4.6029
 -5.4460
 -4.4414
 -6.0071
 -4.8506
 -6.8539
 -7.2747
 -6.9571
 -5.5296
 -5.4822
 -5.2979
 -5.7146
 -6.3177
 -5.6464
 -5.0614
 -6.6353
 -7.3842
 -5.5596
 -6.9152
 -6.4515
 -2.8758
 -3.8006
 -2.8454
 -4.9050
 -6.7951
 -3.3277
 -5.6112
 -6.4470
 -5.4641
 -5.7981
 -3.8159
 -3.9661
 -4.1594
 -6.3482
 -6.5044
 -6.0507
 -6.2592
 -6.0353
 -6.5453
 -5.2564
 -4.5243
 -5.3232
 -4.2662
 -4.5578
 -5.9724
 -4.2247
 -6.9127
 -5.8116
 -2.9807
 -7.0272
 -7.6312
 -8.1513
 -5.3765
 -5.3775
 -5.1489
 -5.0444
 -6.0233
 -3.7920
 -4.1686
 -4.1411
 -7.2042
 -4.9817
 -5.9532
 -5.6133
 -6.8582
 -2.7660
 -5.0185
 -4.1722
 -7.4344
 -4.6363
 -5.0000
 -6.3448
 -2.9604
 -5.0881
 -4.5731
 -6.2153
 -5.6189
 -5.9883
 -3.4918
 -8.1074
 -5.7737
 -4.3979
 -5.0183
 -5.4603
 -6.3248
 -6.3919
 -6.6142
 -5.8406
 -4.3679
 -4.8415
 -6.9723
 -4.5043
 -5.1734
 -3.0513
 -7.4003
 -4.9804
 -3.5332
 -5.7003
 -4.5072
 -6.3645
 -5.4707
 -6.9563
 -5.4124
 -6.3081
 -6.8470
 -4.9938
 -5.6262
 -3.6501
 -5.4311
 -7.1900
 -4.4368
 -1.7962
 -5.2595
 -5.7278
 -6.9154
 -5.8364
 -7.3628
 -4.0314
 -2.9257
 -2.9365
 -3.6078
 -5.2020
 -4.9775
 -2.3331
 -5.0394
 -5.8617
 -5.9794
 -6.8546
 -4.7103
 -4.6256
 -4.0921
 -5.1581
 -4.9570
 -7.2812
 -5.9114
 -5.0536
 -6.5536
 -4.6565
 -5.2332
 -4.6267
 -5.1039
 -4.9834
 -5.0717
 -3.6225
 -4.8403
 -6.1313
 -5.9887
 -8.1721
 -4.9119
 -7.7730
 -5.5331
 -6.0837
 -7.7519
 -3.1019
 -2.6813
 -7.3063
 -6.9872
 -5.5074
 -5.2524
 -4.8392
 -4.9136
 -8.0893
 -5.6247
 -3.6920
 -6.8369
 -5.5448
 -5.2526
 -5.6333
 -4.7284
 -4.3937
 -4.4171
 -4.5736
 -3.8670
 -4.8732
 -5.7773
 -4.6200
 -6.9339
 -6.5738
 -5.5761
 -4.5770
 -5.3240
 -5.1858
 -5.8924
 -6.7119
 -4.8368
 -5.6934
 -4.3373
 -6.7686
 -5.6449
 -7.0115
 -4.9337
 -3.4820
 -6.9760
 -5.7463
 -7.0817
 -4.1503
 -5.1066
 -4.0176
 -6.5401
 -7.1108
 -4.4556
 -4.3668
 -4.3921
 -5.0471
 -3.6304
 -7.1132
 -4.9541
 -6.7870
 -5.1451
 -6.2222
 -6.8694
 -7.2108
 -5.0295
 -6.3953
 -6.3344
 -4.6164
 -4.3960
 -2.9981
 -5.6356
 -2.7506
 -5.2456
 -7.9659
 -4.9401
 -5.9757
 -3.8838
 -4.1250
 -3.0708
 -5.0589
 -3.4757
 -4.6491
 -2.3624
 -3.4266
 -2.7634
 -1.5421
 -3.8052
 -3.4416
 -3.4190
 -3.0575
 -2.9752
 -2.3276
 -5.1005
 -5.9945
 -1.6879
 -4.4235
 -2.5590
 -3.3920
 -2.4048
 -4.6690
 -0.4515
 -0.6841
 -3.9023
 -4.5484
 -3.5651
 -6.7766
 -5.2471
 -3.7939
 -1.8098
 -3.9335
 -4.4783
 -4.4763
 -3.6264
 -3.4271
 -5.5819
 -4.8656
 -3.4687
 -3.0540
 -3.5167
 -3.8341
 -5.2753
 -2.3299
 -1.5733
 -4.9643
 -5.0874
 -2.1392
 -6.9883
 -2.3359
 -7.0735
 -4.6352
 -2.3364
 -5.2023
 -6.9523
 -3.3714
 -5.8850
 -6.2388
 -3.5758
 -4.6246
 -2.5777
 -2.8930
 -4.7334
 -3.7146
 -4.4524
 -4.0161
 -2.3642
 -6.5372
 -2.9741
 -3.0992
 -5.1048
 -3.9268
 -5.5024
 -3.0648
 -5.6827
 -6.4614
 -5.3376
 -2.7407
 -5.4406
 -6.5920
 -2.3574
 -5.8359
 -3.6118
 -4.8030
 -5.2584
 -5.1714
 -2.8284
 -3.6342
 -3.6845
 -8.6824
 -6.4706
 -8.5979
 -4.2910
 -5.3927
 -5.0573
 -3.9850
 -6.0838
 -2.1715
 -3.5095
 -4.5149
 -3.5783
 -1.9866
 -4.1320
 -4.0917
 -5.2294
 -1.7836
 -6.4986
 -3.0149
 -6.2851
 -5.0492
 -5.4324
 -2.8113
 -4.8167
 -6.6835
 -4.1367
 -4.3915
 -5.0637
 -5.3340
 -3.8822
 -3.3399
 -4.7236
 -2.8516
 -3.0290
 -2.7431
 -7.8850
 -4.0893
 -7.0121
 -2.7748
 -4.2082
 -7.3039
 -6.9676
 -3.4773
 -3.3457
 -2.7730
 -3.4232
 -5.7066
 -5.2823
 -5.0786
 -5.6644
 -5.0649
 -4.6161
 -4.8445
 -4.1543
 -2.2565
 -1.6056
 -1.7629
 -4.4778
 -3.2100
 -4.3677
 -3.2100
 -3.2614
 -4.3918
 -3.8149
 -2.6114
 -3.6966
 -3.6097
 -2.7490
 -2.7842
 -2.1365
 -5.4837
 -4.0960
 -4.0256
 -3.6857
 -6.3676
 -2.0957
 -4.8537
 -1.7146
 -3.8210
 -7.2794
 -3.2733
 -4.1202
 -3.5070
 -2.6845
 -7.3578
 -3.9650
 -2.6681
 -1.6322
 -6.2201
 -3.5038
 -4.7395
 -2.5564
 -3.2254
 -6.1408
 -2.4256
 -4.2016
 -3.6098
 -3.7760
 -2.5753
 -4.1534
 -3.0865
 -4.0583
 -4.6779
 -3.4594
 -2.8355
 -4.4920
 -4.1715
 -4.9775
 -2.4330
 -1.7412
 -3.1552
 -3.2686
 -2.9465
 -4.8876
 -4.4810
 -3.2722
 -4.1018
 -4.7891
 -2.6394
 -3.0902
 -6.4103
 -4.3590
 -3.2167
 -4.4762
 -4.8244
 -4.5251
 -4.2820
 -5.6362
 -5.2829
 -5.2064
 -3.8615
 -6.4027
 -3.0779
 -8.0441
 -5.3428
 -5.0058
 -2.5464
 -2.4541
 -4.4347
 -2.2125
 -8.1842
 -4.4387
 -4.8995
 -3.3075
 -3.7507
 -6.6578
 -1.5869
 -5.3137
 -3.3534
 -8.5704
 -4.5293
 -3.8160
 -3.8342
 -8.5358
 -7.5812
 -5.9486
 -4.7461
 -3.5865
 -2.0928
 -2.0474
 -4.4809
 -3.5270
 -1.5285
 -4.2728
 -5.4829
 -1.8743
 -3.2349
 -3.7121
 -4.7920
 -3.4492
 -7.2498
 -3.5088
 -1.7377
 -3.3815
 -4.1173
 -5.2856
 -5.8292
 -4.3261
 -3.3123
 -7.1171
 -4.2749
 -3.9199
 -3.9975
 -3.8463
 -2.0013
 -3.9949
 -4.4023
 -8.6867
 -5.0633
 -2.1049
 -2.7417
 -5.9782
 -4.3711
 -3.0274
 -4.7506
 -4.5718
 -1.8535
 -4.0344
 -2.6047
 -3.2371
 -2.0223
 -4.2038
 -4.1694
 -6.9456
 -4.7017
 -3.0152
 -2.4850
 -2.0644
 -4.7655
 -5.8015
 -5.1785
 -4.2026
 -3.3557
 -3.2892
 -3.4525
 -4.6318
 -3.3460
 -4.0679
 -3.7402
 -3.2173
 -3.4032
 -3.4423
 -4.8197
 -3.3432
 -2.1970
 -3.8784
 -7.4074
 -3.0350
 -4.5090
 -3.1253
 -3.9484
 -4.9088
 -1.9934
 -2.6989
 -5.0722
 -5.1380
 -4.7268
 -5.1441
 -3.2744
 -3.7765
 -4.9172
 -5.8528
 -1.9806
 -6.3253
 -3.3215
 -4.6052
 -1.8594
 -5.0166
 -4.1517
 -3.7550
 -2.0401
 -3.3149
 -4.0598
 -3.4764
 -4.5882
 -6.0729
 -4.0021
 -9.0951
 -6.3764
 -6.5378
 -4.0007
 -1.3658
 -5.8430
 -5.6402
 -4.7399
 -2.8515
 -5.5654
 -3.2176
 -6.1618
 -6.3647
 -3.6420
 -3.2444
 -2.7208
 -5.9884
 -3.7169
 -3.4824
 -3.4674
 -3.3907
 -5.6583
 -3.2377
 -3.8519
 -4.0671
 -6.0265
 -5.0270
 -5.6753
 -3.6705
 -4.5609
 -6.4471
 -4.7838
 -4.9859
 -2.4943
 -7.3051
 -3.6718
 -6.4962
 -2.8168
 -5.2266
 -6.7516
 -3.8201
 -2.4369
 -2.3637
 -2.3790
 -1.3568
 -3.9170
 -3.0877
 -3.6314
 -3.4144
 -2.4235
 -2.5299
 -3.1801
 -5.2224
 -5.0517
 -6.1452
 -2.0401
 -3.8366
 -4.1208
 -3.5747
 -2.9081
 -4.8486
 -3.1359
 -4.2185
 -5.9334
 -9.3182
 -3.2030
 -2.6958
 -4.8054
 -2.0077
 -5.2218
 -4.8939
 -5.4265
 -5.0927