 -5.8096
 -7.3251
 -7.3453
 -3.1043
 -5.7382
 -6.5967
 -6.8190
 -3.9805
 -6.3030
 -5.8291
 -4.7859
 -5.1428
 -6.4951
 -6.7729
 -7.8324
 -8.6960
 -5.3898
 -6.2798
 -5.1243
 -5.8067
 -6.6426
 -2.8124
 -7.4482
 -3.3293
 -4.1200
 -3.9649
 -6.5589
 -8.7212
 -4.4733
 -4.5036
 -4.8603
 -6.3595
 -3.4696
 -4.0773
 -5.4401
 -7.7086
 -6.0493
 -4.9312
 -5.1032
 -8.4782
 -5.4798
 -7.6287
 -3.6624
 -4.0266
 -4.6855
 -6.4913
 -5.1900
 -5.4838
 -8.0025
 -4.1569
 -8.1235
 -6.2881
 -5.5773
 -8.0830
 -6.7989
 -3.4305
 -3.9484
 -6.3017
 -4.0730
 -6.9070
 -4.9391
 -3.3227
 -5.8414
 -5.4361
 -9.0043
 -5.5162
 -5.3575
 -5.4170
 -4.0063
 -4.1507
 -4.9477
 -9.4579
 -3.5132
 -7.0023
 -6.0118
 -4.0081
 -6.8716
 -5.6931
 -3.9955
 -4.5271
 -4.0422
 -3.7497
 -4.2857
 -4.4694
 -5.7000
 -7.0488
 -4.1284
 -5.0011
 -6.7955
 -4.5886
 -4.7660
 -6.7786
 -5.3492
 -8.0808
 -6.1110
 -5.8368
 -7.0687
 -6.6739
 -6.4272
 -4.4950
 -7.5726
 -3.9853
 -6.1770
 -7.3560
 -3.6539
 -4.7761
 -4.0128
 -5.8795
 -4.8204
 -5.9842
 -4.7353
 -4.7618
 -8.3300
 -5.9089
 -4.4734
 -5.4848
 -6.5352
 -4.3254
 -5.1599
 -6.4316
 -8.0677
 -7.1443
 -6.3534
 -5.6130
 -8.3792
 -6.6264
 -6.4337
 -4.9522
 -3.7857
 -3.3552
 -3.2338
 -3.1895
 -5.1074
 -2.9159
 -7.8960
 -5.4530
 -6.3421
 -4.6026
 -5.4089
 -5.7603
 -3.4940
 -4.4975
 -5.1519
 -4.2470
 -4.5483
 -5.7131
 -4.9057
 -5.3077
 -6.2475
 -4.6165
 -5.4913
 -6.9504
 -5.8393
 -1.7548
 -6.8325
 -6.7387
 -7.5496
 -4.4060
 -7.0203
 -4.4789
 -3.7371
 -6.3582
 -5.8590
 -2.7680
 -5.9911
 -5.7042
 -7.5725
 -6.0926
 -5.6650
 -5.7911
 -4.4759
 -4.4432
 -6.1423
 -5.4576
 -6.9599
 -7.8233
 -7.2766
 -5.6396
 -5.2446
 -3.3833
 -7.6794
 -4.7736
 -3.9913
 -6.7353
 -5.4923
 -5.4942
 -4.6684
 -4.4984
 -5.3318
 -5.7211
 -7.6677
 -5.1508
 -7.5053
 -5.3257
 -4.5320
 -7.9427
 -3.9412
 -4.9756
 -5.8185
 -6.0184
 -8.8419
 -4.1936
 -5.5200
 -2.5840
 -5.7688
 -4.8270
 -5.1521
 -4.8667
 -7.4893
 -5.8123
 -6.9674
 -5.1849
 -4.7058
 -7.1821
 -4.1094
 -5.3967
 -6.6425
 -5.9215
 -7.9309
 -5.9404
 -3.7394
 -4.7764
 -7.4680
 -1.8448
 -6.0804
 -5.5699
 -0.8511
 -3.6799
 -4.9744
 -5.8554
 -7.0240
 -4.8339
 -5.9846
 -6.0863
 -4.4731
 -6.3402
 -5.7425
 -5.9782
 -6.1736
 -4.8908
 -7.7111
 -4.6247
 -7.2059
 -5.8374
 -5.6888
 -6.9399
 -6.1798
 -3.6876
 -5.8506
 -6.7603
 -3.6913
 -5.3268
 -5.6772
 -7.6469
 -4.3864
 -4.4077
 -3.8024
 -2.5657
 -5.1907
 -4.9752
 -4.7029
 -6.6960
 -5.6234
 -0.0640
 -6.9516
 -6.3127
 -4.0659
 -6.4013
 -3.6166
 -5.3078
 -5.9847
 -5.6567
 -5.9470
 -4.0507
 -8.6864
 -4.2219
 -6.6516
 -5.7628
 -3.8107
 -7.0702
 -7.0486
 -3.6474
 -4.4043
 -8.2630
 -7.0209
 -5.9644
 -4.8035
 -6.8958
 -5.4102
 -6.5219
 -4.2533
 -7.8452
 -4.8038
 -6.5176
 -5.1170
 -3.6928
 -3.3432
 -4.2164
 -5.3901
 -4.7799
 -6.9011
 -5.7908
 -5.2208
 -3.4035
 -4.7532
 -4.1905
 -6.7200
 -3.5719
 -7.6191
 -4.5135
 -5.4312
 -5.4721
 -3.6974
 -5.9696
 -5.0359
 -3.3108
 -6.3485
 -7.0764
 -7.4191
 -5.8479
 -3.9045
 -7.2447
 -6.9138
 -7.0493
 -5.2172
 -3.9798
 -6.6371
 -5.6945
 -6.2252
 -3.7676
 -5.5200
 -4.3754
 -6.5170
 -6.3283
 -5.8974
 -4.2192
 -4.8920
 -5.4167
 -4.9317
 -3.5578
 -8.7842
 -8.7730
 -7.4530
 -5.0285
 -7.8289
 -5.7939
 -5.7709
 -5.5299
 -6.9001
 -6.1627
 -5.9017
 -4.0718
 -5.6497
 -4.4472
 -7.8703
 -6.6132
 -4.5331
 -6.1925
 -5.3454
 -2.7451
 -3.4681
 -5.4010
 -5.8262
 -5.9385
 -5.5218
 -4.3668
 -3.9494
 -5.3048
 -6.7344
 -5.1091
 -5.0657
 -8.5733
 -7.1817
 -4.7074
 -5.7107
 -6.9930
 -6.0590
 -7.0739
 -6.7540
 -3.2612
 -7.2843
 -6.9078
 -7.8701
 -5.4965
 -7.7023
 -6.2336
 -3.8117
 -2.7457
 -2.5479
 -6.0545
 -6.4735
 -7.3100
 -5.2130
 -6.9447
 -3.5790
 -7.5271
 -5.2616
 -7.5437
 -5.1500
 -3.7858
 -4.6123
 -4.6292
 -5.2004
 -6.4736
 -7.5090
 -2.0161
 -3.1344
 -5.1617
 -7.3235
 -2.6986
 -6.1992
 -5.6417
 -5.2173
 -4.1118
 -7.0582
 -6.2824
 -5.8187
 -7.6043
 -4.2840
 -8.0676
 -8.3401
 -6.8483
 -6.1591
 -6.6596
 -4.7753
 -6.9244
 -4.5340
 -6.2406
 -6.9490
 -5.2769
 -5.4316
 -3.4253
 -5.0911
 -7.2667
 -6.7766
 -6.2115
 -7.4802
 -6.4021
 -3.7582
 -7.6024
 -3.0067
 -8.7548
 -4.7837
 -7.5834
 -5.8367
 -6.8782
 -3.6438
 -5.3976
 -6.1503
 -7.4935
 -7.1500
 -4.5438
 -7.8664
 -7.1573
 -5.6841
 -6.6676
 -5.7839
 -4.0158
 -4.9908
 -5.9333
 -5.1564
 -6.7308
 -8.4019
 -4.7487
 -5.7791
 -3.4849
 -6.0563
 -4.4719
 -6.6226
 -5.4222
 -7.9846
 -9.7490
 -7.8361
 -6.0628
 -5.8187
 -4.3772
 -3.7481
 -3.9782
 -7.3331
 -4.9458
 -3.6864
 -5.3979
 -4.7284
 -3.4623
 -2.5390
 -2.1616
 -3.8449
 -5.7492
 -5.1830
 -4.0324
 -4.8174
 -2.3967
 -4.9041
 -3.7777
 -8.0613
 -4.6147
 -7.4871
 -6.1057
 -6.1628
 -4.5201
 -8.4128
 -6.9252
 -6.6020
 -7.5270
 -5.6149
 -3.9046
 -4.0963
 -4.8152
 -4.1017
 -5.9962
 -4.5970
 -3.7317
 -5.2978
 -5.6604
 -7.0029
 -6.4564
 -4.5484
 -4.1918
 -4.3312
 -2.7232
 -1.7321
 -3.9200
 -1.8451
 -3.3040
 -6.1152
 -7.5439
 -5.2940
 -7.9052
 -4.0630
 -5.1572
 -6.5193
 -5.8689
 -6.5434
 -5.7998
 -5.5043
 -5.3799
 -8.1727
 -6.2569
 -3.2269
 -5.9011
 -6.2233
 -4.8759
 -5.3771
 -4.7863
 -5.7957
 -5.6376
 -5.6088
 -7.3119
 -7.2011
 -3.8552
 -8.4193
 -6.3732
 -5.9430
 -7.2938
 -5.4318
 -6.3052
 -6.0406
 -2.8130
 -7.3646
 -4.0685
 -6.9076
 -6.6430
 -5.3688
 -7.3395
 -5.0906
 -4.2002
 -8.5536
 -4.1951
 -3.3526
 -7.4016
 -5.8939
 -7.6386
 -5.2337
 -8.3622
 -7.4360
 -8.3547
 -3.8860
 -4.1496
 -4.8522
 -3.3200
 -6.5134
 -8.2915
 -4.7998
 -6.8242
 -3.5200
 -5.5438
 -5.1651
 -3.6023
 -4.8871
 -6.4670
 -6.6741
 -5.5305
 -4.8118
 -6.3504
 -8.4318
 -6.6572
 -4.0691
 -6.6747
 -5.6237
 -4.0252
 -5.8148
 -5.2046
 -8.4569
 -3.3267
 -8.1177
 -6.6083
 -6.4124
 -3.3484
 -6.8002
 -6.2707
 -5.8765
 -6.3980
 -6.0157
 -4.6713
 -3.9465
 -6.1649
 -3.8134
 -5.0097
 -4.4572
 -7.3148
 -5.8422
 -3.4944
 -8.0036
 -6.9203
 -8.4319
 -6.5321
 -5.4726
 -5.7653
 -6.9931
 -4.5968
 -6.4072
 -5.0453
 -6.6641
 -3.1318
 -5.9724
 -6.2151
 -5.2330
 -5.8762
 -4.0334
 -8.4404
 -7.9082
 -7.2929
 -8.3980
 -7.8555
 -5.6458
 -3.7977
 -5.6288
 -5.2135
 -7.5991
 -4.3145
 -4.9047
 -6.4691
 -8.3939
 -3.2158
 -6.4037
 -2.3640
 -4.8879
 -5.4172
 -6.8739
 -4.7588
 -4.0136
 -6.8823
 -6.8891
 -3.2090
 -4.6051
 -6.1394
 -4.8195
 -5.6336
 -6.1764
 -7.3372
 -5.6947
 -3.7985
 -6.8721
 -6.3112
 -2.9107
 -4.6361
 -5.4064
 -6.1803
 -5.0003
 -5.5936
 -5.9048
 -6.5408
 -4.4927
 -5.8159
 -2.0657
 -4.1260
 -5.6309
 -3.6666
 -7.0435
 -6.6844
 -7.1477
 -7.5866
 -4.1951
 -6.3833
 -4.4579
 -4.9172
 -4.0724
 -4.7586
 -5.8118
 -3.6533
 -6.2704
 -3.8254
 -7.0812
 -2.6121
 -6.8704
 -5.5044
 -2.4926
 -3.6857
 -4.9905
 -6.4215
 -7.9194
 -6.3181
 -5.4650
 -6.2100
 -5.2697
 -4.3297
 -3.1560
 -6.5671
 -6.5560
 -6.4962
 -2.8420
 -3.8840
 -5.9371
 -6.9516
 -5.0987
 -1.9894
 -5.6780
 -5.1690
 -5.9167
 -4.6389
 -4.9800
 -5.7099
 -4.1684
 -3.3085
 -1.5274
 -4.2605
 -3.7414
 -7.1433
 -6.4407
 -3.2820
 -7.1385
 -5.2138
 -5.8074
 -5.0768
 -6.5077
 -3.0907
 -7.1858
 -3.1856
 -2.3090
 -6.8773
 -3.4288
 -3.7355
 -7.2712
 -3.5571
 -3.2865
 -3.0977
 -4.5823
 -5.2207
 -6.4181
 -5.0737
 -8.7863
 -4.8078
 -2.7811
 -7.0815
 -4.6776
 -8.6292
 -6.0144
 -6.2106
 -6.4129
 -4.8659
 -7.5287
 -6.9182
 -3.8283
 -6.9062
 -3.6299
 -5.7940
 -4.4465
 -5.0044
 -3.8478
 -2.1481
 -8.7898
 -5.5014
 -5.4702
 -4.5165
 -4.5284
 -6.6735
 -3.3977
 -6.4785
 -3.7840
 -0.4878
 -6.9946
 -3.9718
 -7.1293
 -4.8564
 -7.2878
 -6.1942
 -3.6860
 -5.0356
 -6.4278
 -6.2360
 -5.5069
 -3.4925
 -5.0604
 -7.1857
 -3.4903
 -8.0460
 -3.6545
 -7.1802
 -3.9211
 -4.5926
 -7.8463
 -5.6850
 -6.0401
 -2.5012
 -6.5784
 -7.1080
 -3.1302
 -6.1203
 -7.7495
 -4.2530
 -6.2678
 -6.6741
 -4.1378
 -6.7517
 -6.9360
 -4.3594
 -4.9500
 -2.6567
 -5.0695
 -6.2602
 -4.7833
 -5.3722
 -6.9837
 -5.6603
 -4.8112
 -6.4112
 -4.7570
 -5.6656
 -5.7894
 -6.4618
 -5.5095
 -7.2731
 -5.3229
 -5.6951
 -8.2200
 -7.8746
 -6.2077
 -5.0246
 -3.0824
 -4.5360
 -5.2764
 -3.8925
 -5.8075
 -6.0811
 -5.4045
 -5.8117
 -5.5782
 -4.5251
 -4.1363
 -4.9781
 -5.7214
 -4.8520
 -8.1644
 -4.8259
 -7.9700
 -4.8356
 -3.2168
 -7.4194
 -3.2035
 -6.5211
 -4.4304
 -5.4681
 -7.7451
 -8.0428
 -5.2085
 -3.3340
 -6.6949
 -4.1769
 -7.1690
 -5.9588
 -8.0368
 -5.5373
 -5.9256
 -4.1125
 -6.4766
 -6.9630
 -5.2929
 -2.6400
 -5.9293
 -7.4627
 -4.2774
 -8.6451
 -7.9995
 -5.3459
 -4.1886
 -4.2611
 -4.0724
 -6.9128
 -7.2117
 -6.2377
 -2.7954
 -6.5083
 -1.5523
 -3.7564
 -2.7750
 -6.0742
 -5.1847
 -6.6068
 -6.6089
 -2.2951
 -4.1144
 -4.6847
 -4.6114
 -5.5791
 -7.4461
 -4.5242
 -4.0155
 -7.4567
 -6.3410
 -6.9225
 -6.4538
 -5.7012
 -5.4838
 -5.3307
 -3.8681
 -3.9198
 -5.2449
 -5.5438
 -4.4150
 -4.8960
 -8.4404
 -7.3675
 -3.3737
 -3.1025
 -7.9944
 -6.0792
 -5.9219
 -5.3915
 -6.4193
 -4.0787
 -7.7734
 -8.3778
 -6.3114
 -6.6739
 -7.4804
 -7.0659
 -2.4170
 -6.0577
 -6.7610
 -5.5023
 -6.8671
 -3.7186
 -4.5365
 -5.7993
 -8.7685
 -5.5960
 -4.1084
 -3.7436
 -7.4933
 -6.3371
 -5.8097
 -7.5586
 -4.5738
 -6.2216
 -4.6106
 -5.7369
 -6.5723
 -5.0429
 -3.3415
 -5.8718
 -3.7120
 -8.2366
 -8.0463
 -2.8658
 -4.7487
 -7.3485
 -6.9121
 -2.2720
 -5.4934
 -5.4257
 -4.8810
 -7.1591
 -4.9682
 -6.5557
 -7.7126
 -6.9064
 -3.3333
 -5.3732
 -6.1529
 -5.8322
 -2.4687
 -3.4442
 -3.9961
 -3.7586
 -6.3467
 -6.9055
 -4.6700
 -6.5454
 -5.6501
 -4.8796
 -7.4028
 -5.6267
 -6.0007
 -4.5081
 -4.5854
 -5.8789
 -6.0337
 -5.2215
 -4.6442
 -6.8647
 -4.2141
 -6.7784
 -2.9884
 -6.6433
 -4.6196
 -5.5401
 -6.8209
 -5.1002
 -4.4970
 -6.4956
 -4.0613
 -4.4601
 -5.6621
 -6.2487
 -5.8261
 -6.8643
 -7.1745
 -5.9565
 -4.1335
 -6.8476
 -4.4103
 -4.6070
 -3.6354
 -4.0233
 -7.2871
 -5.6525
 -7.7640
 -4.6311
 -4.1632
 -4.2046
 -4.5435
 -6.1545
 -7.1226
 -5.7763
 -8.4654
 -6.7196
 -3.5434
 -6.8887
 -4.8278
 -5.7563
 -5.1834
 -3.4590
 -6.0858
 -4.7266
 -6.4992
 -6.7930
 -5.3313
 -6.1380
 -4.9057
 -4.3716
 -4.7320
 -7.1739
 -6.5247
 -4.0326
 -5.4276
 -5.0634
 -7.2721
 -4.4282
 -6.4738
 -4.9105
 -5.9389
 -8.4714
 -4.5330
 -2.7870
 -5.6315
 -7.8364
 -7.8406
 -4.8789
 -7.2834
 -7.1490
 -4.7148
 -7.4248
 -7.8024
 -6.7299
 -7.1732
 -4.7942
 -5.1456
 -6.9805
 -6.2518
 -7.3064
 -7.2007
 -4.5452
 -5.3341
 -6.4368
 -2.6614
 -3.4426
 -2.9674
 -5.2450
 -3.1625
 -5.9919
 -7.1684
 -7.1006
 -6.8078
 -6.7083
 -6.0638
 -1.5041
 -6.9492
 -6.0289
 -5.2347
 -7.6083
 -4.8638
 -9.1218
 -5.8111
 -7.2066
 -5.5589
 -4.0196
 -7.5794
 -6.8604
 -5.9919
 -8.0418
 -5.9064
 -6.1192
 -7.7958
 -8.2961
 -5.0238
 -3.7544
 -5.8686
 -4.0462
 -7.3982
 -3.8322
 -5.1227
 -3.6162
 -7.7419
 -6.4391
 -4.6820
 -3.8024
 -6.0173
 -4.3336
 -6.8000
 -5.8129
 -6.1741
 -5.3577
 -3.7873
 -5.4576
 -5.2631
 -5.4965
 -3.1260
 -6.0230
 -5.4580
 -5.5632
 -6.7938
 -6.0313
 -6.6677
 -3.5064
 -5.3088
 -6.5980
 -8.7017
 -3.9952
 -4.4979
 -5.9191
 -3.6276
 -5.7106
 -4.4102
 -6.9794
 -5.3670
 -5.0883
 -2.9560
 -4.4988
 -4.4858
 -4.9805
 -3.7070
 -4.2596
 -6.0365
 -7.4390
 -3.7863
 -5.1027
 -5.1685
 -5.0363
 -5.2397
 -6.2484
 -5.9659
 -4.6194
 -3.3863
 -3.1007
 -5.3216
 -6.0018
 -5.7528
 -7.0548
 -5.8759
 -5.8182
 -5.6047
 -6.4663
 -6.5808
 -5.5396
 -7.9194
 -6.1937
 -4.0867
 -6.2612
 -6.6502
 -5.9970
 -8.0916
 -6.6850
 -5.8652
 -3.1093
 -6.5090
 -3.0896
 -7.8746
 -5.8168
 -4.0811
 -4.9519
 -5.2172
 -6.9959
 -5.0935
 -5.4324
 -7.7345
 -4.7324
 -5.6736
 -6.1310
 -6.4693
 -7.3562
 -3.1668
 -3.7848
 -3.7947
 -4.0743
 -5.2437
 -5.0032
 -5.6920
 -7.6114
 -4.4526
 -3.3221
 -4.9636
 -6.0152
 -5.0695
 -7.0850
 -4.4499
 -5.8329
 -7.3007
 -7.0852
 -6.1627
 -7.9943
 -4.8311
 -4.1432
 -5.6749
 -4.9744
 -7.0640
 -6.5965
 -3.6598
 -3.5347
 -7.4125
 -4.9116
 -4.4162
 -7.9095
 -7.2897
 -4.7671
 -1.4997
 -4.9376
 -5.2739
 -5.3260
 -2.4980
 -6.2919
 -4.7488
 -5.8006
 -6.6120
 -3.6246
 -6.2366
 -3.6906
 -5.2571
 -2.9179
 -3.0351
 -3.3604
 -3.9694
 -6.2274
 -7.7785
 -1.6188
 -6.7091
 -4.3307
 -2.0756
 -4.7919
 -4.9073
 -4.2125
 -7.3874
 -4.3468
 -4.5663
 -3.2927
 -7.6834
 -5.5168
 -5.7375
 -7.5263
 -5.6999
 -4.3145
 -5.0762
 -4.0341
 -2.3492
 -4.2952
 -3.9759
 -3.6368
 -4.6779
 -4.1450
 -6.8474
 -5.6685
 -7.1625
 -4.1371
 -3.8694
 -3.7461
 -6.2807
 -5.5341
 -2.0321
 -2.6578
 -4.5674
 -4.6255
 -5.5336
 -5.7151
 -6.4671
 -4.8920
 -6.1776
 -4.0226
 -5.2470
 -4.3606
 -4.1626
 -5.3814
 -4.7049
 -5.4610
 -7.2660
 -6.7190
 -6.9044
 -6.7339
 -4.4470
 -5.5586
 -6.0539
 -4.7597
 -1.5603
 -8.4977
 -2.2735
 -6.0835
 -6.5635
 -6.3451
 -4.0264
 -3.2716
 -6.3505
 -4.3422
 -4.5321
 -3.8614
 -3.4787
 -6.3186
 -5.3854
 -5.8744
 -6.0046
 -4.0303
 -3.6838
 -5.7822
 -7.7748
 -7.9463
 -5.9327
 -5.6022
 -3.7157
 -5.6987
 -6.9825
 -7.7202
 -2.3268
 -3.6296
 -2.6233
 -7.4263
 -2.0432
 -3.6814
 -5.1139
 -5.0981
 -2.5058
 -6.1935
 -7.8111
 -6.5091
 -7.1385
 -6.6416
 -9.5266
 -5.3334
 -7.0339
 -4.9190
 -7.0190
 -5.9995
 -5.9911
 -6.3495
 -2.7068
 -4.3840
 -6.7828
 -6.1263
 -7.1716
 -4.6336
 -3.4982
 -3.7661
 -7.6691
 -6.6737
 -5.3679
 -6.8412
 -2.4520
 -7.8465
 -4.9957
 -6.4896
 -6.2648
 -5.8927
 -6.9076
 -5.9861
 -4.4239
 -7.9262
 -5.6355
 -8.3888
 -5.5288
 -6.1184
 -8.1644
 -6.7568
 -4.2413
 -4.3166
 -6.1880
 -4.9726
 -4.5945
 -5.2409
 -4.2415
 -4.4852
 -3.0208
 -7.3625
 -5.9762
 -6.3552
 -4.1275
 -3.3481
 -8.1333
 -6.8584
 -5.0714
 -4.7099
 -7.6870
 -7.1250
 -4.6631
 -5.4933
 -4.6678
 -5.7551
 -5.0761
 -6.9222
 -7.4510
 -6.8607
 -5.4551
 -5.3995
 -5.4340
 -5.6944
 -6.3751
 -5.9577
 -5.1492
 -6.7146
 -7.2554
 -5.6077
 -7.0368
 -6.4931
 -2.6775
 -3.7207
 -2.8137
 -4.8500
 -6.7796
 -3.2350
 -5.7405
 -6.3402
 -5.6063
 -5.9279
 -3.8171
 -4.5055
 -4.1840
 -6.3751
 -6.3640
 -5.8799
 -6.3129
 -6.1455
 -6.6643
 -5.1419
 -4.6474
 -5.3814
 -4.4237
 -4.4142
 -5.9912
 -4.3305
 -6.9017
 -5.9477
 -3.1357
 -6.9403
 -8.0334
 -8.3818
 -5.3644
 -5.3653
 -5.1548
 -4.9807
 -5.9883
 -3.8627
 -4.3403
 -4.0674
 -7.1928
 -4.8944
 -5.9808
 -5.3631
 -6.9179
 -2.7610
 -4.6939
 -4.2091
 -7.4908
 -4.4560
 -5.0246
 -6.4317
 -2.9907
 -4.9677
 -4.6966
 -5.8458
 -5.6083
 -5.8847
 -4.0319
 -8.4879
 -5.6856
 -4.2606
 -5.0637
 -5.7603
 -6.3033
 -6.5369
 -6.8157
 -5.7078
 -4.1859
 -4.9703
 -6.9526
 -4.3120
 -5.2617
 -3.1842
 -7.4329
 -5.1868
 -3.5864
 -5.7770
 -4.5345
 -6.5276
 -5.3783
 -7.2638
 -5.4004
 -6.3214
 -6.8453
 -5.0116
 -5.8583
 -3.7305
 -5.4903
 -7.6014
 -4.3777
 -1.7740
 -5.4093
 -5.7828
 -6.6444
 -5.7336
 -7.4389
 -4.2254
 -3.1584
 -2.9831
 -3.5744
 -5.1320
 -5.4159
 -2.5593
 -4.9522
 -6.1073
 -5.9665
 -5.8872
 -4.6750
 -4.5966
 -3.6174
 -5.1906
 -4.8270
 -7.2925
 -5.4429
 -5.0544
 -6.6503
 -4.7285
 -5.1973
 -4.7157
 -5.0933
 -4.9341
 -5.0960
 -3.6111
 -5.0580
 -6.1006
 -6.2801
 -7.9698
 -4.9996
 -7.9063
 -5.5782
 -6.1492
 -7.6083
 -2.9867
 -2.8086
 -7.3060
 -6.9623
 -5.9218
 -4.9401
 -4.8919
 -4.6391
 -8.4067
 -5.6193
 -4.2391
 -6.8332
 -5.2984
 -5.1621
 -5.6794
 -4.8245
 -4.2789
 -4.3461
 -4.4770
 -3.8002
 -4.7541
 -5.8054
 -4.7772
 -6.6877
 -6.5526
 -5.4731
 -4.9143
 -5.5720
 -5.2669
 -5.8884
 -6.4572
 -5.0040
 -5.5526
 -4.4980
 -6.7377
 -5.7149
 -6.5800
 -4.6173
 -4.2635
 -7.0612
 -5.7818
 -7.0719
 -4.1282
 -5.0784
 -3.8924
 -6.3314
 -7.1860
 -4.7032
 -4.6232
 -4.4435
 -5.0168
 -3.4647
 -7.1947
 -5.0754
 -6.5029
 -5.3037
 -5.9988
 -6.7589
 -7.2326
 -4.7563
 -6.5117
 -6.3499
 -4.3866
 -4.4795
 -3.1126
 -5.4919
 -2.8868
 -5.5376
 -8.0065
 -5.1526
 -5.6283
 -3.9136
 -3.7094
 -2.9762
 -4.5052
 -3.1944
 -4.7448
 -2.2439
 -0.7215
 -2.6433
 -1.8210
 -3.6981
 -2.9124
 -3.3832
 -3.1318
 -2.9810
 -2.0215
 -5.0503
 -6.6263
 -1.8152
 -4.5868
 -2.4516
 -3.6165
 -2.1836
 -4.7748
 -0.5505
 -0.4404
 -3.9180
 -4.6110
 -3.7578
 -7.2358
 -5.2169
 -3.6631
 -1.0609
 -4.0059
 -4.5305
 -4.2240
 -3.7701
 -3.2625
 -5.7536
 -4.6135
 -3.3769
 -2.9653
 -3.4458
 -4.0414
 -5.1031
 -2.2049
 -1.5914
 -5.6301
 -4.8360
 -1.7946
 -7.2938
 -2.5236
 -7.4439
 -4.7290
 -1.8082
 -4.9815
 -7.2948
 -3.2580
 -5.9063
 -6.2972
 -3.4810
 -4.7255
 -2.6267
 -2.4510
 -4.6469
 -3.6840
 -4.2711
 -4.2301
 -2.3156
 -6.8630
 -2.9078
 -3.1718
 -4.6515
 -4.1791
 -5.5764
 -3.0257
 -4.8131
 -6.2689
 -5.4152
 -2.5136
 -4.8782
 -7.1114
 -2.2613
 -5.7425
 -3.5448
 -4.8052
 -5.5267
 -5.3836
 -2.6852
 -3.6778
 -3.6479
 -8.6200
 -5.4745
 -8.6146
 -4.3075
 -5.4016
 -4.7105
 -3.9909
 -5.1181
 -2.1888
 -3.3593
 -4.3341
 -3.4844
 -1.7860
 -3.7262
 -4.2460
 -5.0553
 -1.6510
 -6.2186
 -2.8265
 -5.5995
 -4.5160
 -5.4794
 -2.7439
 -4.2840
 -6.6612
 -4.1921
 -4.2692
 -4.9789
 -5.1410
 -3.9718
 -3.4501
 -4.7089
 -2.7506
 -2.1498
 -2.6176
 -7.9105
 -4.0454
 -7.0225
 -2.4395
 -4.3610
 -5.9060
 -6.5403
 -3.2728
 -3.3368
 -2.6360
 -3.5911
 -5.3977
 -5.0720
 -4.9715
 -5.6014
 -4.6562
 -4.6421
 -5.0157
 -4.0466
 -2.0454
 -1.6093
 -1.7654
 -4.2530
 -3.3058
 -3.7496
 -3.2275
 -3.0801
 -4.4981
 -3.3060
 -2.8119
 -3.8577
 -3.6074
 -2.3886
 -2.0113
 -1.9345
 -5.2871
 -3.9457
 -3.7444
 -3.7427
 -6.8071
 -2.0642
 -4.6882
 -1.4578
 -3.8319
 -6.8486
 -3.2495
 -4.3411
 -3.5025
 -2.6450
 -7.2112
 -3.9743
 -2.5299
 -1.6672
 -6.6299
 -3.5641
 -4.6424
 -2.1867
 -3.1106
 -5.9423
 -2.9187
 -4.3228
 -3.4658
 -3.8426
 -2.6072
 -4.1069
 -2.2306
 -4.2500
 -4.5760
 -2.8731
 -2.6854
 -4.7435
 -4.2908
 -4.6969
 -2.2927
 -1.7099
 -3.0979
 -3.0119
 -2.3593
 -4.9423
 -4.6380
 -3.3328
 -4.2441
 -4.6049
 -3.2119
 -2.5225
 -5.7159
 -4.3660
 -3.1121
 -4.4662
 -5.0645
 -4.6116
 -3.7203
 -5.0816
 -5.6526
 -4.8636
 -3.8354
 -6.3552
 -2.2854
 -8.2462
 -5.6460
 -4.9749
 -2.1160
 -1.9613
 -4.3756
 -1.9233
 -8.3805
 -4.4858
 -4.8565
 -3.5085
 -3.6599
 -6.5457
 -1.6173
 -4.4248
 -2.9821
 -8.7539
 -4.6848
 -3.8793
 -3.9552
 -8.5253
 -7.2520
 -5.7029
 -4.7282
 -3.4085
 -2.8028
 -1.9390
 -4.7420
 -3.4258
 -1.3809
 -4.6148
 -5.2942
 -1.6589
 -3.3112
 -3.8619
 -4.8749
 -3.6141
 -7.5957
 -3.3891
 -1.5921
 -3.1261
 -4.2677
 -4.6316
 -5.3886
 -4.1713
 -2.4288
 -7.4751
 -4.1065
 -3.7578
 -4.2499
 -3.8256
 -1.7224
 -4.0067
 -4.4907
 -8.6118
 -5.5042
 -2.2103
 -2.1710
 -4.8308
 -4.3395
 -3.5821
 -4.5538
 -4.7594
 -2.0354
 -4.1269
 -2.8464
 -3.2786
 -1.9462
 -4.2642
 -4.7209
 -7.1090
 -4.8495
 -2.5538
 -2.7889
 -2.2475
 -4.6152
 -4.8681
 -5.2197
 -3.6692
 -3.5799
 -3.2329
 -3.4561
 -4.3244
 -3.1951
 -3.8615
 -3.5654
 -3.3435
 -3.4437
 -3.6297
 -4.7720
 -2.8389
 -1.9483
 -3.7129
 -7.8149
 -2.9623
 -4.5339
 -3.4880
 -3.9090
 -5.5085
 -1.6482
 -2.5257
 -4.9855
 -5.1000
 -4.6919
 -4.1814
 -3.4666
 -3.6472
 -4.9227
 -6.0137
 -1.7764
 -6.3751
 -3.2985
 -4.5003
 -2.0148
 -5.0316
 -4.7587
 -3.5286
 -2.0664
 -2.9667
 -4.1740
 -3.4910
 -4.6323
 -5.8332
 -3.8678
 -9.4043
 -6.3852
 -5.6513
 -4.0183
 -1.2459
 -5.5727
 -5.5865
 -4.2081
 -3.0414
 -5.1461
 -2.7817
 -4.8130
 -6.2504
 -3.5711
 -3.0044
 -2.8872
 -5.4338
 -3.9448
 -3.2053
 -3.9851
 -3.6867
 -4.8574
 -2.7362
 -3.8977
 -4.1413
 -5.6607
 -4.9873
 -5.6258
 -4.1681
 -4.2994
 -7.0497
 -4.6508
 -4.9810
 -2.4600
 -7.2070
 -3.9210
 -6.9860
 -2.6643
 -4.0758
 -6.0530
 -3.8927
 -2.7103
 -2.0269
 -2.5271
 -1.3052
 -3.4755
 -3.1342
 -3.6314
 -3.5136
 -2.3549
 -2.4262
 -2.8727
 -4.3227
 -4.9079
 -5.2240
 -2.1410
 -3.8811
 -4.1067
 -3.6908
 -2.7844
 -4.8300
 -3.0859
 -4.1945
 -5.8531
 -9.4414
 -3.1889
 -2.3968
 -4.7138
 -2.0956
 -5.1789
 -4.8997
 -5.3402
 -5.0475