-1.5391
-3.2294
-0.3822
-0.1892
-0.8057
-2.3852
-0.2922
-2.0645
-0.4360
0.0138
-0.2269
-0.3678
-3.0689
-3.3162
-0.4073
-3.5841
-2.3996
-1.0028
-0.3640
-1.4416
-0.3980
-0.2342
-3.0634
-0.4706
-0.0694
-2.2787
-0.5941
-0.2364
-2.7973
-0.5533
-0.3310
-0.0093
-0.2735
-0.3071
-0.7198
-1.1295
-0.6581
-0.9587
-0.1484
-1.0878
-0.4398
-1.4797
-2.4100
-0.5825
-0.6902
-0.7904
-2.5673
-0.1252
-0.8372
-0.0754
-0.5252
-0.2262
-1.0163
-0.6534
-2.4618
-0.5047
-0.6270
-0.4838
-0.7237
-0.4829
-0.5782
-0.6282
-1.8253
-2.3142
-0.2489
-0.2212
-1.0285
-0.6004
-0.2330
-0.3152
-0.5586
-0.2533
-0.3593
0.0265
-3.0163
-2.5086
-2.2789
-0.3650
-0.0257
-0.0832
-1.9723
-1.6696
-0.3392
-1.1233
-2.8437
-0.3272