-1.5762
-3.1882
-0.3047
-0.2154
-0.8370
-2.3807
-0.2712
-2.0831
-0.4362
0.0190
-0.2137
-0.3385
-3.0678
-3.3142
-0.4581
-3.5941
-2.3753
-1.0119
-0.2782
-1.4078
-0.3801
-0.1843
-3.0919
-0.5021
-0.0647
-2.2166
-0.6359
-0.2138
-2.7986
-0.5572
-0.3068
0.0071
-0.2810
-0.3218
-0.6704
-1.1341
-0.7029
-0.9571
-0.1790
-1.1014
-0.4373
-1.4950
-2.4424
-0.5547
-0.7452
-0.7880
-2.5766
-0.1316
-0.8500
-0.0658
-0.5014
-0.2782
-0.9980
-0.6638
-2.5378
-0.5443
-0.6689
-0.5449
-0.7512
-0.4709
-0.5846
-0.6415
-1.7276
-2.2606
-0.2781
-0.2037
-0.9981
-0.5681
-0.2239
-0.2918
-0.5670
-0.2254
-0.3543
0.0379
-3.0159
-2.5223
-2.2907
-0.3553
-0.0577
-0.1335
-1.9595
-1.7778
-0.3594
-1.2051
-2.8145
-0.3590